40960
20485
40966
40970
40971
40972
40974
20497
20498
20499
20500
20501
20502
20503
20504
45080
40986
20509
45085
45086
700437
40991
39
16423
41001
41004
41013
41017
16446
53310
53313
700494
16452
69
36934
36935
16456
36937
36939
41036
53324
16460
45132
53325
45133
41038
53326
16462
20559
45135
16464
45136
41041
20561
45137
45138
45139
45140
41045
45141
53334
45142
53335
45143
41048
53336
45144
41049
53337
53338
53339
53340
53344
20577
49250
53347
49251
53349
53351
45160
53352
45161
45162
41067
53367
36985
16506
16509
45182
16510
16511
53382
37000
53394
53395
32917
37013
53399
37016
49305
53403
20637
37021
53405
53407
49312
53408
41121
53410
20642
53412
53415
20648
53417
37034
53419
53420
4269
53421
53422
45230
53423
53424
53425
53427
53428
53429
53430
53431
53434
53437
53438
53442
53445
49350
20682
37066
20683
20684
32972
53452
32973
45261
53453
32974
45262
208
53456
45265
53457
45266
32979
16595
53461
53462
16598
53463
53464
53465
53466
53467
20701
700648
45283
53484
53485
53487
8432
53489
53490
53491
33012
20724
33013
37110
33015
33017
37118
700661
37121
53507
53508
53509
45318
53510
45319
53511
41224
53512
41225
53513
45322
41227
53515
45324
53516
45325
53517
33038
53518
41231
53519
45327
41232
45328
49424
53520
41233
45329
53521
45330
53522
53523
41237
41238
45334
41239
41240
41241
41242
53530
45339
41246
53534
41247
45343
53535
41248
45346
33059
20773
33064
53544
45352
33065
45353
53547
37164
53548
37167
53552
45360
33073
45361
33074
20787
45363
45364
45365
45366
37177
37179
41277
41281
45381
45382
45384
45385
41289
29002
41290
29003
41291
45391
45392
29011
29013
29014
45398
29017
29018
29019
29020
16737
20833
4454
33126
20850
20870
29064
20873
29065
45449
20874
45450
29067
29068
29069
45453
29070
45454
29071
45455
33167
29072
45456
45457
29074
45458
29075
37268
45461
45462
45463
41368
41369
29082
49562
29083
29084
45468
700822
29085
29086
29087
29088
29089
29090
29091
29092
29093
45477
29094
16806
29095
29096
33193
45481
33195
45484
45487
45492
29109
45493
29110
29111
29112
20921
29113
29114
20922
29115
20923
20924
41405
20925
41406
29119
29120
41411
41412
29126
41414
700877
49621
45526
45547
29168
53744
29169
29170
29172
29173
41465
41466
29186
45573
53766
53767
53768
53769
53770
53772
53773
53774
29199
53776
53777
53778
45586
41491
53779
41492
41494
41495
45592
29211
29218
29219
45605
45606
41511
29224
37420
700967
41517
29232
41520
29233
41521
29234
37426
29235
29236
37428
29237
29238
29239
29240
29241
37433
29243
53819
49727
37441
37442
37443
53827
37444
53828
37445
53829
45637
37446
37447
53831
37449
37450
49738
41549
33362
49747
49749
49750
701011
41567
49759
49760
49761
49762
49766
29293
41582
41583
41584
701049
33402
33403
33407
53887
53888
37505
49803
53902
53903
53904
53906
41619
53907
41620
53908
41621
49813
41622
17049
53913
17050
17052
45724
17053
8862
53918
53919
701098
701099
701096
701097
701102
701100
701101
701093
53936
701115
17073
53937
701118
53940
701116
33462
701117
41656
33470
701129
33476
33477
33478
13001
17098
701120
53962
701121
33487
53968
53969
53970
53971
45780
701150
53972
701151
53973
17109
17110
701148
53974
17111
701149
53975
17112
53976
17113
53977
17114
17115
17116
17117
17118
701140
45792
45794
701167
45799
45801
701155
21226
701152
21227
53995
701159
53998
21231
53999
21234
33522
54002
21235
33523
29428
49911
49912
54008
33531
701169
54011
33532
33533
33534
54014
33535
54016
54017
21259
21260
21261
45838
21262
49935
45840
21264
21265
21266
49939
29460
49942
29463
33562
49946
33563
33564
49948
33565
17182
29471
17186
17187
17188
17189
13093
17190
49958
13094
13095
49960
13096
13098
13099
49964
13101
49966
13102
13103
29488
13104
29489
13105
13107
49972
13108
9021
17214
17215
17216
17219
45904
50016
17266
885
37753
41852
50045
899
900
50053
50054
50056
21386
41872
50083
21412
50085
50090
50095
50097
50098
50099
54195
54196
50108
50111
29636
29637
54215
54216
54218
54219
50124
54220
17357
54221
17358
54222
17359
54223
17360
54224
17361
54225
46034
54226
46035
17363
54227
17364
54228
17368
17369
17371
17372
17373
17374
41950
17375
54239
17376
17377
21478
21479
54249
17386
21484
46063
41967
50178
46084
41988
50180
50181
50182
50183
50184
50185
46090
50188
50189
50195
46104
46105
54299
54300
46109
50206
54302
54303
54304
54306
21539
54307
46116
54308
54309
1062
54310
54312
54313
54314
50219
54315
54316
54317
9263
9264
54321
9266
21555
54323
21558
21560
21561
42044
42047
46144
46145
46146
50242
54338
50243
701518
54340
54341
50246
54342
54343
46153
21580
21582
46160
21584
54352
54353
54354
46163
54355
46164
46165
46166
54358
21595
54363
21596
21602
54370
54371
21604
54372
21605
54373
21606
21607
54375
21608
54376
13419
13420
54382
42095
42096
42097
42098
50291
42099
42100
54391
21626
54395
54398
21631
54399
21636
21637
21638
21639
54409
54410
54419
21653
42133
54422
9368
54425
42142
21665
46242
21666
21667
46243
46244
46246
46247
46248
54440
46249
46250
17578
46251
17583
21679
38068
38069
17589
38070
21686
38071
17591
54455
54456
21694
17600
17613
701637
17616
17617
17618
54482
54483
50387
17620
17621
17622
54486
17623
17624
50393
17626
17627
50395
50396
50397
17630
17631
17632
17635
17636
42212
17637
42213
17642
17643
17645
50413
17646
38129
54519
21755
42247
42248
1289
54542
46352
42257
21779
54550
50454
21792
21793
42275
17700
17701
17702
17703
21801
50474
17708
17709
21805
21806
21807
21808
21809
21817
38202
17723
9532
38206
46398
38207
38208
21827
9542
54599
1352
1353
1354
42317
13645
38222
42318
13646
46414
42319
13647
46415
13648
13649
701785
17750
17751
30039
30040
30041
30043
30044
701782
54621
50526
50527
30048
30049
54629
30054
17769
50537
701792
13676
13677
54639
30064
701818
54640
30065
50546
701816
30067
50547
13683
54643
13684
50554
701814
701813
54655
30080
54657
30084
13701
54661
13702
21894
50566
50567
13705
13706
13707
54667
13708
30095
30096
701851
30099
701849
38293
701855
701853
1434
50587
50588
50589
50590
50591
50592
50593
50594
701864
50595
50596
50597
50598
54694
50599
50600
50601
701859
701856
50602
50603
50604
50605
701863
50606
50607
30128
50608
54704
50609
50610
50614
21943
50618
30139
50620
50621
30143
30144
13764
13765
13766
13767
13768
50634
50635
50636
50637
50639
30161
38358
46551
38360
46552
38361
46553
38363
54747
30172
54748
38365
54749
701934
701946
17910
17911
42488
17914
17916
701943
17917
17918
13822
17919
701962
17920
17921
17922
701960
17924
17925
17926
54790
17927
17928
17932
701959
17933
17934
22031
17935
46608
17936
50706
50707
50708
1556
50709
46614
50710
50712
30234
50717
50718
54814
50719
54815
30240
50720
54816
50722
50723
50724
50725
50726
54822
9767
54823
54824
54825
30251
30252
30253
702010
9777
9778
9779
9780
9781
50741
9782
50743
9785
9786
50746
17978
9787
17980
17981
702007
17982
17983
54847
50752
702027
54849
54850
702025
702031
702028
50761
38475
50763
38477
702042
38482
702040
50771
702041
50773
50776
702034
30296
702035
50777
702033
30300
30301
702039
702036
38495
22111
702037
702058
38497
50785
702062
50788
30309
38501
50789
50792
50793
38509
50798
702053
50800
50802
702079
702076
50807
34423
50808
42617
50809
30330
50810
702064
38522
50811
38523
50812
50814
50815
54911
50816
42633
702080
46733
54925
30350
54926
54927
54928
54929
22166
38553
46746
46747
46748
38557
22173
18078
18080
18081
22178
22179
22180
22181
34470
34471
34472
34473
54955
13997
13998
46766
22197
38586
34492
30398
54978
54979
54980
54981
34502
54982
34504
34506
54987
54996
54998
54999
55000
55001
34524
14045
38622
14046
55006
38623
38624
14048
38625
14049
14052
1768
34542
55022
55023
14064
55024
55026
55027
50934
55030
50935
34552
50936
34553
14073
14074
55034
14076
55036
55037
55038
55039
13371340
30464
55040
30467
30468
30475
13371359
30484
50964
30485
50965
30486
50966
30487
50967
13371348
30488
30489
30492
30493
13371346
13371347
34596
34597
34599
34600
1834
13371360
34604
13371361
34605
34607
14142
34625
34626
38726
34630
38728
34637
55118
55119
55121
55122
34649
51033
1881
34652
14173
34656
30562
34660
34661
10085
46955
46956
46957
10101
55158
55161
10120
34698
22410
10124
34703
55188
34712
34716
51102
34727
34728
34730
34735
34736
38832
55216
38835
34739
47027
22451
38836
34740
38837
34741
55221
38838
38839
34743
55223
34744
38841
38842
38843
55228
38845
38846
14270
34752
38848
14272
55232
38849
14273
38850
55237
38854
38855
34759
38856
38857
38858
34762
34763
38859
38860
34764
34767
34768
34773
34774
34775
34776
34777
34779
34780
55260
34781
34782
34783
14303
34785
38881
47073
34787
34788
34789
38885
34791
34793
22505
22506
34794
55274
22507
34795
22508
34797
22509
22510
22511
22512
22513
34802
22514
22515
47092
22516
22517
30711
34807
22519
34809
34811
34813
34815
55296
34817
55297
34818
55298
34819
22531
55299
47108
14341
22533
14342
14344
14347
34827
14350
14351
14352
34832
14353
14354
14355
14356
34836
14363
47131
47132
47134
14367
47135
14368
14369
14370
14373
14374
14375
14376
47148
47152
22577
38963
55348
34869
55349
34870
55350
2103
55351
34872
55352
34873
55353
55354
34876
34878
47166
34879
38976
34880
14403
14404
22599
38983
47177
30794
34892
34893
34895
14427
55390
55391
55392
55397
55398
55400
22635
51308
22646
22647
55422
14472
55434
55449
55455
39075
39077
39078
47283
30902
47286
35002
35004
35005
43204
39126
39127
39128
39129
39130
35037
30946
35044
30949
35047
43257
43259
30975
43263
30976
43264
30977
30978
43266
30979
30980
30982
30983
30985
30986
30987
30988
30989
43277
30990
43278
55566
43279
55567
30992
43280
43281
30994
47379
55571
30996
55572
30997
43286
55574
30999
47383
43287
43288
47385
43289
55577
43290
55579
43292
47390
43294
43304
47423
43327
55616
55617
47426
31043
47427
43331
47428
31044
31045
47429
31046
47430
31047
31048
31049
43337
31050
31051
43339
31052
43340
31053
31055
31056
31057
31058
31060
39253
47448
47449
47450
47451
39261
39265
47458
39266
47459
47460
39269
47462
47468
47469
47470
47471
47472
47473
47479
39289
55675
31104
55680
51591
47495
51592
51593
47498
51595
47500
51596
51600
51601
55697
51602
55698
51603
55699
51604
55700
47509
47510
55702
55703
55704
55705
55706
51612
55713
47535
47539
10684
47557
47560
47561
47562
47567
47571
27099
27100
27101
55776
47585
55777
47586
27106
47587
27107
27109
55781
47590
27110
27111
55783
27112
27113
51690
27114
27115
27116
23024
43504
23025
23026
23027
43507
27123
27124
27125
27126
43510
55798
27127
27128
43513
27129
27130
43515
27131
27132
55804
23038
27134
23039
27135
27136
27137
27138
27139
55811
27140
55812
27141
27142
27143
27144
27145
47626
47627
47629
27154
47636
47637
39445
47638
47639
47641
47642
23070
27178
23092
27188
23093
23094
27191
27192
27193
23097
23098
27194
23099
23100
27196
23101
27197
23102
27198
23103
23104
23105
23107
23108
23109
27205
23110
27206
23111
27207
27208
23112
19017
23113
23115
23116
19028
31316
19029
23125
19030
23126
31318
19031
27223
19032
19033
23129
23130
23131
27229
27230
23135
23136
23138
47716
23140
23141
27237
27238
23143
27241
47723
27248
51830
43638
51831
27255
27256
43640
27257
43641
19066
39546
27259
39547
39548
27260
43644
39550
27262
39551
43654
43658
43659
23182
23183
27279
51855
23184
27280
43664
23185
27281
43665
23186
27282
43666
27283
51859
23187
23188
23189
23190
47767
23192
23193
23194
23195
23196
27293
43677
47774
23198
47775
47776
43680
51876
23212
47788
43693
47789
23214
39600
43696
39601
39602
19122
39603
51891
43699
43700
23221
39605
39606
47798
43702
23223
39607
47799
39608
43704
39609
27321
27326
43711
43713
39618
43715
39621
39622
39625
43721
39626
19147
39627
43725
51918
23247
39631
19151
60111
43727
60112
60113
23249
60114
60116
19157
19158
23254
19159
23255
39639
39640
60120
39641
60121
43738
60122
39643
39644
60127
43743
39648
43744
43745
39650
43746
23267
39651
23268
39652
43748
60133
23270
60134
23271
43751
60135
23272
39656
43752
23273
39657
39658
60138
23274
23275
60139
23276
60141
23277
23280
60148
47861
23286
23288
43768
19194
19195
19196
19197
43773
19198
43774
19199
60159
19200
60160
60161
19203
60163
19204
60164
19205
60165
19206
60166
60167
60169
23306
60170
60171
23307
60173
23309
39694
39695
39696
27410
23317
23318
60184
19225
60185
19226
23323
19228
19229
23325
19230
23326
19231
19232
19233
19234
19235
27433
31536
31537
31538
31539
31540
31541
60214
60218
60220
39753
27479
27481
27482
27483
27484
39773
7006
31585
31586
23397
39782
39783
60263
23399
60264
23400
39785
60266
39791
39797
39798
31610
27515
31612
31614
39806
7039
39807
31618
31623
31624
27528
31625
31626
31627
52110
60303
31632
60305
31634
43922
27545
27547
27548
27549
27550
27551
27552
31650
31651
31652
60324
60325
27558
60326
27559
60327
52135
31656
27560
31657
31659
31661
27567
27568
31670
39862
43958
60352
52161
60354
39876
52164
60356
60357
60365
39886
60367
60373
60378
48094
31712
31713
31714
31717
23529
23530
23531
60395
23532
60396
44012
23533
23534
23535
23536
31728
60400
60404
44020
23543
23544
60410
60411
60412
31741
60413
31742
23550
23551
31745
23553
27650
23554
27651
44035
27652
23556
60420
27653
23557
23558
23559
27655
23560
27656
31754
31755
27659
27661
31758
27662
31759
60431
31760
27664
60432
31761
60433
60434
35860
27671
27673
31769
31770
31774
31775
31776
35872
27681
31777
39969
31778
31779
31780
27685
31781
27687
27689
35882
27691
31787
31788
23596
27693
35885
23598
27695
23599
27696
23600
27697
23601
23602
35890
60466
23603
60467
23604
23605
23606
23607
19511
35897
60474
19514
39996
60477
60478
27711
27712
27715
27716
23620
27717
23621
31817
11337
60492
23629
60499
44123
31836
44124
60508
31837
60513
40038
60519
19560
60520
60521
44140
27758
23664
44145
44146
23668
27765
40053
48245
44149
40054
48246
40055
27768
40057
27770
48250
48251
27772
48252
48253
27774
48254
48255
44160
48256
44161
48257
44162
48258
48259
27781
31878
44166
27782
31880
27784
31881
44171
52366
31887
52367
40081
27794
40083
48280
40090
40093
35998
27806
40095
27807
60575
60577
40098
23715
31909
40102
40103
31911
60584
31913
27817
19627
19628
19629
19630
27822
19631
27823
19632
27824
31920
19633
19634
19635
23731
19636
23732
19637
31925
19638
15542
31926
19639
19640
19641
19644
40124
19645
23741
40125
40126
23744
23746
23748
23750
23751
23752
3272
23753
23754
23756
23757
23758
23759
31951
23760
23761
23762
23764
31959
23767
23768
23769
23770
48349
11485
23774
11487
11488
23776
23777
31974
7399
48359
48361
19690
23789
19695
7408
19696
44274
31988
19704
19707
23803
19708
23805
19709
11519
19711
44288
19712
44289
40193
44290
44291
44292
40197
44293
19718
19719
40200
32008
19720
44296
19721
40201
44297
40202
44298
40203
44300
40206
36110
23822
40207
23830
40214
40215
23832
19736
23834
32026
23835
32032
23847
32043
52523
23851
32044
32045
48436
44345
19774
19775
19776
19777
19778
19780
7494
19783
7496
19784
36171
19791
19792
23891
32085
7509
7510
7512
40282
23901
48484
32101
23909
19816
23913
19817
32106
23914
19818
40300
19820
40301
36207
48498
48499
48500
48501
23925
48503
23928
23929
48506
32123
48507
32124
32125
32131
32132
36228
32133
32134
32135
32137
7561
32138
44432
48530
44435
40340
48532
40341
40342
44439
44440
44441
7580
7583
7585
15783
44461
48557
48558
15791
23983
48559
23984
15793
15795
23990
23991
44471
36279
44472
23995
48579
44486
28105
24010
44490
24011
36299
44491
24012
36300
44492
36301
44493
44494
44495
44496
44497
44498
19923
19926
19930
19932
44508
44509
48607
11744
24033
11745
11746
24035
11747
36324
11748
24037
36325
11749
24038
11750
11751
11752
7656
11753
36331
11755
24047
36335
24048
24049
24050
24051
48628
28148
28151
36344
32249
28154
32251
36353
24069
36359
19976
40456
19977
40457
28170
40458
19978
36362
28171
32267
44555
19979
36363
32268
28173
28174
28175
40463
36370
28179
19987
28180
40468
48660
28182
40472
44568
24094
36385
40482
7716
40485
7717
36389
28200
36392
28201
36393
36394
28203
36395
44588
28205
36397
28206
36398
28207
40495
40496
40497
32306
28214
48694
32311
48695
28215
20024
48696
20025
28217
20026
28218
28219
28220
32319
24129
20035
20036
24132
28229
20037
32325
24133
28230
24134
24135
28232
24136
28233
24137
44618
24138
44619
24139
28236
24140
28237
24141
28238
24142
28239
15951
28240
15952
15953
28243
24148
28246
28247
24151
28248
48729
28250
48730
28251
48731
28252
48732
24159
48742
24168
36460
44652
40557
44653
44654
40558
44655
40559
44656
40562
7796
40564
40566
40569
11899
11900
40572
32381
11901
40573
44670
32382
48766
40574
40575
40576
40577
40578
40580
48775
44681
44682
40588
20108
16016
52880
32401
44689
52881
20113
36498
32402
52882
32403
36500
32404
44692
24213
36501
32405
32406
36502
36503
36504
48795
36507
28316
48797
36509
36510
36511
36512
36514
48802
48803
36515
48806
48807
48808
48809
28330
48810
28331
48811
28332
28333
36527
48819
48821
36534
36536
36537
36538
48828
48830
32449
36545
32451
32452
32453
36549
36550
36551
7880
36553
36554
36557
36558
36559
48849
36565
48853
48854
48855
36568
48856
36569
48857
36570
36571
52956
36573
36575
48864
48865
52961
700139
48866
52962
52963
36582
44779
44780
48878
44783
48879
16112
52977
16114
16116
32500
16117
52981
44790
12023
52983
52984
16122
32506
48891
16123
16124
16125
16126
52990
32512
16128
16129
52999
12040
53000
12041
32521
12042
12043
53005
48912
700187
53010
53013
53018
53020
53021
53022
53023
48927
32543
53024
48928
53025
53026
53027
53028
53029
53030
53032
36648
53033
40746
53035
44847
53040
53041
48950
48951
53049
53053
53054
53055
53056
48961
48971
700230
48972
700231
48973
53069
53070
53071
53072
40785
48977
53073
48980
48981
12118
53080
53082
53083
53084
53087
53088
3939
53092
3941
53095
3943
3946
3950
49007
49008
3952
49009
3953
49010
20338
32627
49011
3955
20340
49012
20341
32629
49013
3957
49014
20342
20343
49015
20344
49016
49017
53114
53116
53117
53118
53119
53120
53123
16259
20357
53125
53126
20362
49034
53143
20375
53144
32664
53145
53146
53147
53148
53149
53150
53155
53156
49061
53157
53158
53159
53160
53161
53162
44974
4015
49072
40886
53175
53176
40888
53182
20415
20416
12224
36801
36802
36803
36806
20424
45001
20428
20429
20430
20432
45011
53204
36826
45018
20442
36827
45019
20443
53212
36828
36829
20445
36830
20446
20448
20450
20451
20452
700398
20453
700399
53221
20454
700397
20456
53225
20457
20458
45035
53227
20459
45036
53228
20460
45037
53230
53231
20466
20467
20468
45044
20473
53245
45055
